49599200500
49599250524
49599300523
49599350527
49599400524
49599450525
49599500511
49599550528
49599600529
49599650530
49599700535
49599750512
49599800517
49599850532
49599900532
49599950538
49600000464
49600050500
49600100510
49600150510
49600200516
49600250516
49600300518
49600350498
49600400520
49600450520
49600500506
49600550506
49600600508
49600650508
49600700526
49600750530
49600800532
49600850508
49600900514
49600950514
49601000456
49601050498
49601100490
49601150488
49601200492
49601250518
49601300490
49601350496
49601400499
49601450503
49601500507
49601550507
49601600508
49601650513
49601700514
49601750515
49601800520
49601850513
49601900514
49601950515
49602000465
49602050506
49602100499
49602150516
49602200497
49602250504
49602300506
49602350510
49602400510
49602450510
49602500528
49602550520
49602600521
49602650526
49602700528
49602750528
49602800529
49602850533
49602900514
49602950519
49603000470
49603050510
49603100528
49603150524
49603200529
49603250530
49603300524
49603350530
49603400536
49603450514
49603500535
49603550526
49603600526
49603650531
49603700534
49603750537
49603800544
49603850546
49603900547
49603950549
49604000495
49604050538
49604100533
49604150553
49604200534
49604250540
49604300544
49604350546
49604400552
49604450551
49604500548
49604550562
49604600567
49604650571
49604700576
49604750568
49604800570
49604850570
49604900572
49604950576
49605000514
49605050560
49605100552
49605150550
49605200554
49605250556
49605300552
49605350558
49605400558
49605450561
49605500556
49605550562
49605600552
49605650549
49605700547
49605750546
49605800547
49605850544
49605900537
49605950535
49606000478
49606050517
49606100507
49606150504
49606200501
49606250502
49606300504
49606350504
49606400505
49606450502
49606500514
49606550506
49606600504
49606650504
49606700505
49606750522
49606800523
49606850524
49606900525
49606950506
49607000460
49607050493
49607100510
49607150507
49607200504
49607250502
49607300502
49607350499
49607400500
49607450501
49607500494
49607550507
49607600507
49607650498
49607700501
49607750500
49607800502
49607850502
49607900504
49607950500
49608000438
49608050478
49608100466
49608150463
49608200484
49608250485
49608300486
49608350487
49608400488
49608450489
49608500491
49608550488
49608600489
49608650491
49608700498
49608750498
49608800493
49608850496
49608900499
49608950505
49609000447
49609050480
49609100473
49609150500
49609200478
49609250478
49609300478
49609350500
49609400500
49609450502
49609500486
49609550484
49609600484
49609650503
49609700500
49609750498
49609800496
49609850475
49609900473
49609950489
49610000421
49610050462
49610100455
49610150451
49610200451
49610250446
49610300450
49610350451
49610400452
49610450453
49610500454
49610550455
49610600456
49610650460
49610700460
49610750460
49610800458
49610850458
49610900460
49610950460
49611000410
49611050452
49611100436
